[ 1377.371975] [project1] 2568 1588169006.943894885 1588169008.162143796
[ 1379.547803] [project1] 2569 1588169009.195019814 1588169010.338033990
[ 1381.662264] [project1] 2570 1588169011.329801515 1588169012.452572951
[ 1383.800131] [project1] 2571 1588169013.490328491 1588169014.590510076
[ 1385.946989] [project1] 2572 1588169015.628416368 1588169016.737437765
[ 1388.078970] [project1] 2573 1588169017.766012330 1588169018.869487954
[ 1390.546952] [project1] 2574 1588169020.55219529 1588169021.337549881
[ 1392.972828] [project1] 2575 1588169022.592049875 1588169023.763506931
[ 1395.011681] [project1] 2576 1588169024.739774469 1588169025.802424890
[ 1397.241373] [project1] 2579 1588169026.865657970 1588169028.32190016
